$ANSIBLE_VAULT;1.1;AES256
31316434376533383966313566373766653464306564383036396236653963316263386331313763
3331663438376339313364653836373639346266313433640a363633386239333563646536643531
61303339313739366130636335393661663535646134356331623633326232313031343263616339
6537616534633864640a363832333234363361303337643030386164646263366233343861386164
35366164333836373430363137646561633434626664613961653639373132373833353739356335
37373536636130626632626237623431396439323232343066383037663363306130616538626466
36393261633937333836623264653263666462346164333337326131323939633234336164616135
35623564356636626565666137356564326632356132623833643832396263633866326436636462
36613136656162393162303566393930626437353438366130613161373266643930303731343664
36326534303431323231393461643338636232663831393138623338626335646166366361633966
34373562393630636331636361393065646530383765623864343233346335393132313463346133
37656533323237383635613862663163366263613061653036333639353062383566316465663165
63616535366365653663316665303962303330616133313362376566613661306262373266646335
66663636616164356536373166386639326163393431643330636564323130663666646632316161
36613135346265366638363239386433313664346536353739666666376466626164383832643933
37306338343166633236633231353830663461333431373737663434303333626138633736396364
63393833633530623332373236313332616435626530336463386239333031323235643539663930
36616364306165666464613762323338323030613564653038373566393530663862633563663832
39626132666537616632376130646466383533626330333161363936316436626330333839663939
65663362346662396563353562396537393138323165646434393366666466303866666162326430
34656166303464313736353131326132303431336432346534393338323666393162336263343563
39663933343930376566306236666133666431303537323636373131386465646363623430333061
31636563623363303535386564363237343863383939346466623061333339396438613836306435
32303637373936386338326663666632643366626530366230643964353032643334313261363061
33346262333965346330373836313430373439633636373164393661323961643563376565323730
66323035623361323838306162356266383836376665376533663131626435313739613531373530
66363238383632396262666431333537393264643032393066646663656332383437326163313863
36343162653237666335323464373232343139643434653437333336656631653637326434363833
36613736633938323966643865373836666632323166623333623438656233623861643137613135
36393635623135623465383364633539343736336637643064626565393133356438653930333033
64636263663033356565386536623664636132666638636636323662323962316262323130656566
31656434306438333536303764636563366234656632363531613236326537336139323437656136
32336464306239333830383338626463616139373061333637373663343961323666343161393063
65663364623062376131613433393433356335323435616461373437643462353164636161333364
33306334313662343461653636663665383130626430613234626238383239643966366164616162
31633035386131316232623539393937336362373332303539323238613231313663643961323162
66393962663937353032373733636438366434343137303662303134386663333331333530393632
37373230313933333364656366303131306433326266343964623938663061653965306137303334
35396430656236656330376132643432636532646538646261613639636566373339626437653931
66323937643438323236343338643032353964333539613565383661653139633765666133633761
38373232383735353361306432636438323333316163306262386661616662613962636665326537
30366463353835373563313233623264366435393234663634326431363363653364653834366663
35383830656361663166376432363238616465636239316436373364376565363635636663313636
62336266333532353339653631633033646464346264653034333034616138396637356232653463
36636366663965633038326363393731323863366661316332333064646366333561383035343735
66323435626665343564643637336531643465346636333334353136366261613732656266613166
61636465666232616530633339346335666335393462343435393539373038386166383238313262
66653664343466353961353634323330396436353666393732333765636139396434323634363434
31353863663464656337356430383461633036383130383438393233623232343732336239366463
31633238366262363465646530373031356638653764613264633336383063613662386166626466
35383165373232346564333132326538393632363465336263333561373063613830643331643963
64393335393638653539663638356232663433616564323935313735366336383639343333383339
39303761633838323538656530366165653263646161306139616636613535316165313836393262
36656263613062353834623232636233346362303034306330303035333931633464333131353939
35666136626636656666656537383135323137343438393630323537396362643066386439326334
37623461396462353239376633653566663364306462353632346138663966646531633830326163
63646134646233366139656535626465396166306564323631306439666431633937626334353039
37343861386532313364623938396264626161363038383736373162666661316130666463643664
62363132303033333737376264653266326233623464383532663564636434386536336338333637
63653866633935613162663165623066613261353330663065613666383835376332316634373638
30316363323566383236613762313536333237306138613832386234303938333363393931373936
63626663653038303564366666616439643333306131623061326631613361646635666236353630
61343132343934663739343130616133353539633836623064303561363362633836363835356132
64613638366130363539643538393639623664666437326330316531323934633133303437316462
66396335326238396537313933333961383234333139323637336238396432376464656561633464
30363466646163333831326262663933343932373532373636393433616531633963313834306430
64346462323763663733303237336430306666363864353263323239303864656265356531383335
32313262313632623130666232316438303362343165383131366235663532353030383766386335
34653339356435663962623062313037343863663633313266336561666338323736336136663232
33663938323933663765663666336132396263623162663730373966343039623466356137336261
39396139666365383265383637346562373439363064336132323634613032363937316538346237
65346363646530646134383934663830303733353530356261323037646566306564656633363734
35666539376432613636623036313833623238623636383665353066323938643930643035333436
32666238353939393037366233626364313061376432376165653131663431656433363662636262
36336264656131353464643263383139633536303031643439343733663631376435646434346231
66633663666332303035363862336434623037653033383832636564373661373831343230616530
35303931623134326266346162643531346534313637303164343835306136326439396333643633
35393534633463666663373066646437633262313866336537303763613965663634383763666139
32613561326533393561353363326234663462313037636566393438383461396561613065323930
39393636376664366139626161303134373066326165653331313638616361316437333237383235
63623662643731386135643064313034663333623630303764396438643830396263666265373165
64363934373262386362636332633964303032343230633066313734653166393239303564343733
65636232316133326239356439353066343362396433623538316534373433373062313765343437
35366231333661316464626661386533336237633061663635353236336665376464663263386136
35336662303464363030393433366330656435303336633131383039343936653362353432306433
62313263396234646432366639323933376439326362343462656335306165376637663538653338
35396561333732663739343762653833656437336539333637333761646630303230646662303638
36663530373435656664373965626135346466663366366161316337616664363831653862346565
61333661383937333634623233333262383836646465343036356532646564363830353066613235
62666136636231303262313137343165306338383763303762643934643231643538666139643433
38326434346331636638373738373532336234366262373830303030336164646431376539313435
63646535653834363436316233333563633632386634356231623461356539306330636464386130
62613038326537633162663734383064323638643562626639376164653866383962353765306531
65643838663231313365633035646263356638633763646638383335616136653037376466643666
62343365326136613131613736363762666334336231623039356634386330643863643237363133
64393463353038356338326536303166393334316632653365383136626366333336306439616633
38356664663133303263613463663834336663623766326336626166633132303334626233653633
33336662616334313037333063343932613437303964376566303038393564636332363438633764
37613266326136643838353031333733303632383630623165333566383764343439326638663935
62353734643038623033383030663438383436616465626536323064663266356538633336356139
32633430303932346132313431616435323630663532343135653630396537623731623730626266
66346366353862383166343430366437366238356535646331333533666463663133353263653163
34323363333365616636663664363565613061313937636233346636343764343035623866653436
34666166376639396135383434336662653965656364333936313562323663323035333939336466
64376664356535343566356131373133623336386662323262616266326135663834353138343461
30393232356134356433373933326165653038303431346266643935363738646239373830353538
33656332313032666366303438376536656339626461663636383462316336336530313039326164
63653962383635363465316431306262323132356161313135343437393437383666376234316338
63343232633463643561373265363936363235363763376337633765343133653264366431383432
37356566333736636234303561353032613635323838373835313232336434303838656336336338
66613637633534643131616664663535346630643762366236636238376333313464303138356631
32326561343635316131303436353638366264313333306364383666393161623031313733313638
65363733323839386533306231303564383130653432613734356237356439383333636635356463
32666535383463383835303361656137393064666139623466306238376165383035333932346664
38613535616636303262386239653136633831393631633339343339313861333030306364383864
61393730386634653931653365396531386566383234666336653033366530636631326634653636
33643761653461316432636262613237633565666331336466653037316665373162626263343237
34653634663962626431666663373362396661333730343837383365663937646433373665346561
30313936623563613761316431333936353834383464326539363332623464356364346663393634
37343763313866303963323033356666623434643961393033623364653435396338306636383065
64393430643632643264383132343535396266386332303366343930376333333233616463626133
62333131303964326634393333633566643666353132366235643634633965626336656232366139
35383130333436646532313639343431646136633165313830393135363666626132633135336566
34316562656463353934366235303730616330376134393039333534303735623631393530623832
65653762633036343035343636396165633165633238326139396163643837306266646437306638
31386466306533623038353563313539663632356437346163363031343564393666636363323730
37393837363465633133376638336435386330373131386636376465663537646534373435346364
35623262373834633263626539393735343366373433613830396537613530663439366532316564
37326461303430633936346238313361636633353730616231633435363063306137663562363263
39363362333233343964313162316131616538616462393635656666373366313831333237326265
39393932653234356438343261393264393332343766666665363034373532383833326661383032
39386231393639313131356133386361333563386531386566313531373632636130313664663962
34373337643936316165376363613532396365393465626330366266623934363431626462383265
37343039343736316566663631303561363338653437326638643437343933343231656237323866
346630333561346534656661613839646263
