$ANSIBLE_VAULT;1.1;AES256
30633131373461383565323434366634316131653839383539633035646662646535386334383338
3737373566356134346636656139376639633866373461630a313066343964653632653830346264
34633435383531633636613862306534376665386338666661643364396366663235616638666535
3235626436353334380a366637666233623237366532393830656236346630383330633639656532
66393935323435343938343733313534323863663738633563653432326133323534663634356665
63383432363737626162636331383163646535386130316637353237396565626661633630313636
66663839646665363063343061363831633566383466323038323037313439643663656535383036
62393934333963623434653636343364343831633566353263646230623437653833313661643233
63386563313138653963326666383762326130383333663137323130363565326137623532633763
62376639336230646132626661303565373431336139663336343939386666643166393265653264
35326366663336633237636435366132303961666137663563393739346164636462373237383165
62666265313262323362643637343763353539396530633735653366383534373839343932663965
39376535346639656334616138363763643362653166666231373363653538386364666262623465
31636664333638373636393439333562323936383930393736373263636266396337396663666536
66303264626530323262336537653336303666326337633234393464393831633037316434376665
63643062396263663063366262376238316663313861393538353765613864336564656162326330
61383966646332316266303032383138396461306433353434666266663462633263373464313361
39373038613132623537336564363561656433656136336136303332393065396230633737383630
34313238643666313565363837363639623464656331383639633532366664393531333631643236
66636366646633386433316339396361663665363134386233636236643164326564613430323138
61346639346239653833393037613134656462626531326230343135353665613038326331343738
61613466363932366331326565633263323863376664656339616232636566316663353339356530
35366266303163393633613637396162343131323638383830333466663636613633396336373633
65333132343362333863323363306537646561333935333863313338386135303162386165343834
34383532633364633031326262613134646532353032663337393133313237316138366230626134
38346638363832613437656234653762346237386632303362343432373538616135663034636364
34616634643266383664356265343766356138306233363332613433653038646531626233633132
31333462353032643761323233353537323463633730356364616661306531623237316162326663
39306662373465636666386162336266343463376563323064396536643663623331666139383964
36386461303163386634306339653533633666363539633230663039653537316561633634333163
66636536663133613632326331353832383164663734356437343337323433306636326565333635
35346631643163353561353862623863323938626230636565636236653664313137373266666462
36643436636461353138653363343833373963653061306435656263303230316662353035366334
61303936663734363735663334356565663334303336383733313165393766303434386133326463
33343335636636353034653566646231653263626466333866383333393664313434356136623136
65363961663162663230323665663633653232626665363335656330333766646163366532303963
31643135326263396563326263353564343833383832306266353265323432623331323432383230
66646539666135656663363630346537303963346437633339373362383239663562373635336434
39616232636333303232353935313831373261306634313733646638626664393934363835656638
39643830366338636537323937383161313465613062633433613330346164613564396561373065
35663730663761623664326632353737333831343435313030373832623964663531386139633964
39393232656231306631356638326239313931613233323433353465663937356436383061646536
64373732383761623831383262333064383334373637373435376531663661653630353834396166
36623739316636613035323636616533383437623438316364646261366339383566316363356333
34373065386336313036393530653033663038663534363231326535393637376238396463326637
36656365643161366466313334303737626665366634306431366464373239656432613963363039
65353932333061353639643165656539663066343737346238333462656465656163623232383439
66313435363665626636343963663764346531383930326338363135303638333463633361663764
33383964323561643337313738613634643365393332653432336666396230393432306666303638
38303362313836633732663530613136346135323862356235346632653933316537663361313063
64313164333639316162353866643964303835376234343431356163656264306535656232343238
30346634396537643331323765366165316634333263613066376263626661353763656164363938
63323565313434366663333239373765323962376237383435626163303839313766386363346165
37616164333833633132313666313339623439613361653661316632663132653538356664613338
36333135663730336139623462313663363966303333666463313035653464346134363633366639
62373833656537656634346530653261303134373234333233616464336634323931323265666339
62663039343735336562343166613631353663613136383632333330666265623262643236666466
33636331333566613537303430373336643830336665383434643931396338636238663465386663
35636466313262356638333037633530313233323265383637306466333466333634613361326635
38363165626632313631663131613636343762656662363634363765353136336235353535613663
36663130343064323732326336303636613664343732383338306266393465643764613631363535
66643363353835633062303937626335313331633430636162313335626636373238353231383066
37653533333566316666336661393732313430663262306238353064396333376130363331646134
66623534333231386632646562633961373235666237636532306435643165636632336230303535
66386532326566353063323163343637643333363166386434386637613265306130393936373333
36363733353137383964663336313166303135353762333238646233633536386430666233643134
31353463356233383137333462343861616633303434393033336562343330646635303237356337
65353437636539366532393130633634633337353064626563353361393063623130396262663037
31323664613264643566646236653266623539343034613163363439616262613162636431626366
63356531663061363731626139386234663732356164373636346339623362333263646661636132
38326533633863336635333435616434616632623563656437343561626333323639333438656564
33313535386531306663633530383430393665393464363739623730656363633432653934383762
36646563326563633936616666366637666431613961633435383739396230653562393338383237
38303538643538623338313762326566373964326637633965656238346464313332373062353936
38343563343761353631643964636230303136306266663938306334663562343639646432383263
39666432373366643663356138626465356466643262623933343238303436653437343538336533
37353863653438306466613234393065383865393761376133393561316462343762353063316330
31383964613839346331343838326565303639346530653338613030356263616665396137656331
37313861666266306463663930623434346163626536633033656430353664386163353364353162
30346165376332643366356536396334633738326538373563333564323131343732313831616265
34323965356235323464326430336330646265343638363239393165613636383439303639633661
30656532336535306138366365326638623235336635376433613231386239303665336638316466
36656638643965616232346362643235313133333935346230313235663335326536666562616263
34343565373331323734306365353038353264303930616135383264386639613766336164373430
65393739613035333331383636636538303836353335626131333662616330323232663830363466
33616437373736653066313863346633663937356566373564363266663765366232373033363464
39346661363565383464653362656133376533346535386165356333663962653966336633363439
36373665373135336635353836333738646434643638653432653731316165363261333862656637
32363065343639623565653935376265653465616430656139323438666435306631376333653064
62383537613435656165356339353338313436663065363533376236646232663233336464323934
34363831313363386266383763346131663632383465326132633330626437636631663433633130
32303030666432656636656535663038306564653439303966323135346466336537373638303436
37393839653163306637666362353036303965353732333161333861303361313865386161373535
38633462373533346533393562666362313338353338393338633862393032626163613038373561
35363237383439343935663334336532613436353330373932386630356364303334666430386437
65613738383631376434643537373638663830616438653234323566346463626631623866633932
38613165363531383366336134366365393864346566366438656462396530366663393534346561
36653563613432356237346263363061313937356136373839626632373438663362336238396634
35663234356237643030336139613237613962393037666262376331626231623034666666346135
35643631653139373735646537373335663262643762623930393234363961333938643430313265
34663334363831346461316463613131326464343363373661393464653735313533613231613739
38643137353039316664303766353461306535393333613733366366346564653131333062333031
61653263313763643166303630393839383862656362643332363466323434366563323936366336
39343863313361353330653633663436316435353430376438616135363834623935363964386238
30613962636336343066646163313639663565613736386532373433636432343035343362306533
63323130353064353263363565623438303466616332616338333633383561643562663432373833
39383339363661666264326564386662373833653637333733363431623439306461323136356635
62353136653538363130636466353434626263633933353735343339656136623930613664383736
38343832626363633864303763613837336265613536343264313531616431313464656662643134
31323761616436353561653933393866396230313035343937613930666236343034613033636232
36333434613461333731373938626332663633663662323363613764376464353831646666306130
32633863623939303835643538336430613930633839396335336636656438383735626466616138
34363130323931633165313032353961323931343232343065653034633865653630356235386233
64666537303636326531613862353461633632383435303832646237333561326264386636663266
65663464663766376137616165393836303331363963313664316438666262386436346436343964
31396466333837306530363234613733336331333235666462313934613333633932663639333636
63643465353864303466633664313930626562303037613463623439666133643237343435646131
31383736663931376435666334363730323233383435396338643162366565336630313935626463
32616365656439313165323930336136636163326636613937343830616430666461346331373461
62373635303433373666353864386539363835336335653235646564633035333730336161623264
61383564383865373730346663666436363633613665323061653131363139336538323330323466
31393938316161323235376638633330363632343734393330333231303565333565396461633438
32336630613966373762646161326231643465373736626132323731653864666266663033663938
32383934323363613565626662366161313165323238643531656364323363313332653964393238
65363331613731643066626662633262663863316364383665353934326531616366643737633461
31366438346131633634313534396438663833316130306133643064333162323162393564366535
63623235663164373762353531326266336366623036386436343765623635323830373038396431
63333733366230636537646530613030616262303763363631316536373463396664373062386438
65653930646165643834656436336434396438663765343339303333373237363834336565346365
65353230343261336634383532343262366335376431333366363137376638343664626465666230
66656135303137656534643236623665343165306334643036663762363763396236656430643162
33323862653631373061303634303863376631303261373132313234333461633762373838323730
64393232393939653963326639373535346662353930646631323530373139346164616232646630
66656463656230643565366561663665313034393465316535643036626263323063373063623630
613132326165333266636662353030613465
